{"producer":{"name":"Blender","version":"2.72 (sub 0)","exporter_version":"4.6.1","file":"scene.babylon"},
"autoClear":true,"clearColor":[0.0509,0.0509,0.0509],"ambientColor":[0,0,0],"gravity":[0,-9.81,0],
"materials":[],
"multiMaterials":[],
"skeletons":[{"name":"skeleton_humanoid_humanm03","id":0,"dimensionsAtRest":[0,0,0],"bones":[
{"name":"root","index":0,"matrix":[0.9998,-0.021,0.0005,0,-0.0032,-0.1742,-0.9847,0,-0.0208,-0.9845,0.1742,0,0,0.0537,0.0179,1],"rest":[1,0,0,0,0,-0.1742,-0.9847,0,0,-0.9847,0.1742,0,0,0.0537,0.0179,1],"parentBoneIndex":-1,"length":0.2441},
{"name":"pelvis","index":1,"matrix":[1,0,0,0,0,-0.4848,-0.8746,0,0,0.8746,-0.4848,0,0,-0.0998,-0.7915,1],"rest":[1,0,0,0,0,-0.4848,-0.8746,0,0,0.8746,-0.4848,0,0,-0.0998,-0.7915,1],"parentBoneIndex":0,"length":0.1765},
{"name":"thigh_R","index":2,"matrix":[-0.9941,-0.0968,-0.049,0,0.1083,-0.9087,-0.4032,0,-0.0055,-0.4062,0.9138,0,-0.1155,0.0797,0.0157,1],"rest":[-0.996,0.0856,0.0266,0,-0.0896,-0.9434,-0.3192,0,-0.0022,-0.3203,0.9473,0,-0.1155,0.0797,0.0157,1],"parentBoneIndex":1,"length":0.4356},
{"name":"calf_R","index":3,"matrix":[0.9909,-0.0115,-0.1344,0,0.0088,0.9997,-0.0208,0,0.1346,0.0194,0.9907,0,0,0.4356,0,1],"rest":[0.9992,-0.0096,-0.0394,0,0.0088,0.9997,-0.0208,0,0.0395,0.0204,0.999,0,0,0.4356,0,1],"parentBoneIndex":2,"length":0.3952},
{"name":"foot_R","index":4,"matrix":[0.979,-0.0067,-0.2036,0,0.1881,0.4135,0.8909,0,0.0782,-0.9105,0.4061,0,0,0.3952,0,1],"rest":[0.9979,0.0651,-0.003,0,-0.0298,0.4974,0.867,0,0.058,-0.8651,0.4983,0,0,0.3952,0,1],"parentBoneIndex":3,"length":0.1715},
{"name":"toes_R","index":5,"matrix":[-0.9982,0.0604,0.001,0,0.0546,0.8954,0.442,0,0.0258,0.4412,-0.897,0,0,0.1715,0,1],"rest":[-0.9982,0.0604,0.001,0,0.0546,0.8954,0.442,0,0.0258,0.4412,-0.897,0,0,0.1715,0,1],"parentBoneIndex":4,"length":0.0562},
{"name":"thigh_L","index":6,"matrix":[-0.9979,-0.0617,-0.0176,0,0.0639,-0.9804,-0.1864,0,-0.0058,-0.1871,0.9823,0,0.1155,0.0797,0.0157,1],"rest":[-0.996,-0.0856,-0.0266,0,0.0896,-0.9434,-0.3192,0,0.0022,-0.3203,0.9473,0,0.1155,0.0797,0.0157,1],"parentBoneIndex":1,"length":0.4356},
{"name":"calf_L","index":7,"matrix":[0.9916,0.0298,0.1256,0,-0.0097,0.9874,-0.1579,0,-0.1287,0.1553,0.9794,0,0,0.4356,0,1],"rest":[0.9992,0.0096,0.0394,0,-0.0088,0.9997,-0.0208,0,-0.0395,0.0204,0.999,0,0,0.4356,0,1],"parentBoneIndex":6,"length":0.3952},
{"name":"foot_L","index":8,"matrix":[0.9976,0.0394,0.0574,0,-0.0694,0.4986,0.864,0,0.0054,-0.8659,0.5001,0,0,0.3952,0,1],"rest":[0.9979,-0.0651,0.003,0,0.0298,0.4974,0.867,0,-0.058,-0.8651,0.4983,0,0,0.3952,0,1],"parentBoneIndex":7,"length":0.1715},
{"name":"toes_L","index":9,"matrix":[0.9962,0.0787,-0.0363,0,-0.0546,0.8954,0.442,0,0.0673,-0.4383,0.8963,0,0,0.1715,0,1],"rest":[0.9962,0.0787,-0.0363,0,-0.0546,0.8954,0.442,0,0.0673,-0.4383,0.8963,0,0,0.1715,0,1],"parentBoneIndex":8,"length":0.0562},
{"name":"spine01","index":10,"matrix":[1,0,0,0,0,0.8856,0.4644,0,0,-0.4644,0.8856,0,0,0.1765,0,1],"rest":[1,0,0,0,0,0.8856,0.4644,0,0,-0.4644,0.8856,0,0,0.1765,0,1],"parentBoneIndex":1,"length":0.1145},
{"name":"spine02","index":11,"matrix":[0.9996,0.0294,-0.0048,0,-0.0298,0.9776,-0.2085,0,-0.0014,0.2086,0.978,0,0,0.1145,0,1],"rest":[1,0,0,0,0,0.978,-0.2086,0,0,0.2086,0.978,0,0,0.1145,0,1],"parentBoneIndex":10,"length":0.118},
{"name":"spine03","index":12,"matrix":[1,0.0034,0.0005,0,-0.0034,0.9999,-0.01,0,-0.0005,0.01,0.9999,0,0,0.118,0,1],"rest":[1,0,0,0,0,0.9997,0.0253,0,0,-0.0253,0.9997,0,0,0.118,0,1],"parentBoneIndex":11,"length":0.1657},
{"name":"clavicle_L","index":13,"matrix":[-0.2875,-0.955,-0.0723,0,0.9572,-0.2839,-0.0572,0,0.0341,-0.0856,0.9957,0,0.0333,0.1978,0.0576,1],"rest":[-0.2258,-0.9728,-0.0516,0,0.9683,-0.2183,-0.1217,0,0.1071,-0.0775,0.9912,0,0.0333,0.1978,0.0576,1],"parentBoneIndex":12,"length":0.1542},
{"name":"upperarm_L","index":14,"matrix":[0.6374,-0.6854,-0.352,0,0.7694,0.5909,0.2426,0,0.0418,-0.4255,0.904,0,0,0.1542,0,1],"rest":[0.939,-0.3438,-0.0083,0,0.3407,0.9267,0.1588,0,-0.0469,-0.152,0.9873,0,0,0.1542,0,1],"parentBoneIndex":13,"length":0.2659},
{"name":"lowerarm_L","index":15,"matrix":[0.9912,0.1236,-0.0465,0,-0.1182,0.9874,0.105,0,0.0589,-0.0986,0.9934,0,0,0.2659,0,1],"rest":[0.9912,0.1236,-0.0465,0,-0.1238,0.9923,-0.0006,0,0.0461,0.0063,0.9989,0,0,0.2659,0,1],"parentBoneIndex":14,"length":0.2855},
{"name":"hand_L","index":16,"matrix":[-0.1558,0.1076,-0.9819,0,0.0163,0.9942,0.1064,0,0.9877,0.0005,-0.1566,0,0,0.2855,0,1],"rest":[-0.1558,0.1076,-0.9819,0,0.1671,0.9826,0.0812,0,0.9736,-0.1514,-0.1711,0,0,0.2855,0,1],"parentBoneIndex":15,"length":0.0377},
{"name":"thumb01_L","index":17,"matrix":[-0.0552,-0.3672,0.9285,0,-0.8403,0.5194,0.1554,0,-0.5393,-0.7716,-0.3372,0,-0.0161,0.0171,0.0021,1],"rest":[-0.1585,-0.5096,0.8457,0,-0.8403,0.5194,0.1554,0,-0.5184,-0.686,-0.5105,0,-0.0161,0.0171,0.0021,1],"parentBoneIndex":16,"length":0.0435},
{"name":"thumb02_L","index":18,"matrix":[0.993,0.1034,0.0567,0,-0.0722,0.9134,-0.4006,0,-0.0932,0.3937,0.9145,0,0,0.0435,0,1],"rest":[0.993,0.1034,0.0567,0,-0.1063,0.993,0.0514,0,-0.051,-0.057,0.9971,0,0,0.0435,0,1],"parentBoneIndex":17,"length":0.0373},
{"name":"thumb03_L","index":19,"matrix":[0.9994,-0.0341,-0.0072,0,0.0284,0.9153,-0.4018,0,0.0203,0.4014,0.9157,0,0,0.0373,0,1],"rest":[0.9994,-0.0341,-0.0072,0,0.0284,0.9153,-0.4018,0,0.0203,0.4014,0.9157,0,0,0.0373,0,1],"parentBoneIndex":18,"length":0.0339},
{"name":"index00_L","index":20,"matrix":[-0.8544,-0.4864,0.1829,0,-0.5159,0.8363,-0.1857,0,-0.0627,-0.253,-0.9654,0,0,0.0377,0,1],"rest":[-0.8544,-0.4864,0.1829,0,-0.5159,0.8363,-0.1857,0,-0.0627,-0.253,-0.9654,0,0,0.0377,0,1],"parentBoneIndex":16,"length":0.0574},
{"name":"index01_L","index":21,"matrix":[0.7735,0.5695,0.2782,0,-0.3016,0.7167,-0.6288,0,-0.5575,0.4025,0.7261,0,0,0.0574,0,1],"rest":[0.7735,0.5695,0.2782,0,-0.3793,0.7675,-0.5168,0,-0.5078,0.2942,0.8097,0,0,0.0574,0,1],"parentBoneIndex":20,"length":0.0375},
{"name":"index02_L","index":22,"matrix":[0.9985,0.0541,-0.0087,0,-0.0541,0.9482,-0.3131,0,-0.0087,0.3131,0.9497,0,0,0.0375,0,1],"rest":[0.9985,0.0541,-0.0087,0,-0.052,0.9852,0.1634,0,0.0174,-0.1627,0.9865,0,0,0.0375,0,1],"parentBoneIndex":21,"length":0.0244},
{"name":"index03_L","index":23,"matrix":[0.9993,0.021,0.0311,0,-0.0149,0.9827,-0.1848,0,-0.0345,0.1842,0.9823,0,0,0.0244,0,1],"rest":[0.9993,0.021,0.0311,0,-0.0149,0.9827,-0.1848,0,-0.0345,0.1842,0.9823,0,0,0.0244,0,1],"parentBoneIndex":22,"length":0.0238},
{"name":"middle00_L","index":24,"matrix":[-0.98,-0.1991,-0.0028,0,-0.196,0.9669,-0.1635,0,0.0353,-0.1597,-0.9865,0,0,0.0377,0,1],"rest":[-0.98,-0.1991,-0.0028,0,-0.196,0.9669,-0.1635,0,0.0353,-0.1597,-0.9865,0,0,0.0377,0,1],"parentBoneIndex":16,"length":0.048},
{"name":"middle01_L","index":25,"matrix":[0.9287,0.3022,0.2151,0,-0.0749,0.7207,-0.6892,0,-0.3633,0.6239,0.6919,0,0,0.048,0,1],"rest":[0.9287,0.3022,0.2151,0,-0.1819,0.8763,-0.4461,0,-0.3233,0.3752,0.8688,0,0,0.048,0,1],"parentBoneIndex":24,"length":0.0415},
{"name":"middle02_L","index":26,"matrix":[0.9982,0.031,-0.0507,0,-0.0433,0.9638,-0.2631,0,0.0407,0.2649,0.9634,0,0,0.0415,0,1],"rest":[0.9982,0.031,-0.0507,0,-0.0227,0.9874,0.1565,0,0.0549,-0.1551,0.9864,0,0,0.0415,0,1],"parentBoneIndex":25,"length":0.0293},
{"name":"middle03_L","index":27,"matrix":[0.9998,-0.0209,0.0053,0,0.0215,0.9551,-0.2955,0,0.0011,0.2956,0.9553,0,0,0.0293,0,1],"rest":[0.9998,-0.0209,0.0053,0,0.0214,0.9913,-0.1301,0,-0.0025,0.1302,0.9915,0,0,0.0293,0,1],"parentBoneIndex":26,"length":0.0285},
{"name":"ring00_L","index":28,"matrix":[-0.942,0.2336,-0.2408,0,0.2496,0.9676,-0.0379,0,0.2241,-0.0958,-0.9698,0,0,0.0377,0,1],"rest":[-0.942,0.2336,-0.2408,0,0.2496,0.9676,-0.0379,0,0.2241,-0.0958,-0.9698,0,0,0.0377,0,1],"parentBoneIndex":16,"length":0.0425},
{"name":"ring01_L","index":29,"matrix":[0.9884,-0.1495,-0.0256,0,0.0965,0.7499,-0.6544,0,0.117,0.6444,0.7557,0,0,0.0425,0,1],"rest":[0.9884,-0.1495,-0.0256,0,0.1329,0.9348,-0.3294,0,0.0732,0.3222,0.9438,0,0,0.0425,0,1],"parentBoneIndex":28,"length":0.0406},
{"name":"ring02_L","index":30,"matrix":[0.9992,-0.0394,0.0119,0,0.0411,0.952,-0.3032,0,0.0006,0.3035,0.9528,0,0,0.0406,0,1],"rest":[0.9992,-0.0394,0.0119,0,0.0377,0.9923,0.118,0,-0.0164,-0.1174,0.9929,0,0,0.0406,0,1],"parentBoneIndex":29,"length":0.0278},
{"name":"ring03_L","index":31,"matrix":[0.9998,0.0099,0.0187,0,-0.0008,0.8995,-0.4368,0,-0.0212,0.4367,0.8994,0,0,0.0278,0,1],"rest":[0.9998,0.0099,0.0187,0,-0.0071,0.9894,-0.1449,0,-0.02,0.1447,0.9893,0,0,0.0278,0,1],"parentBoneIndex":30,"length":0.0263},
{"name":"pinky00_L","index":32,"matrix":[-0.6501,0.637,-0.4143,0,0.6282,0.7573,0.1785,0,0.4275,-0.1442,-0.8925,0,0,0.0377,0,1],"rest":[-0.6501,0.637,-0.4143,0,0.6282,0.7573,0.1785,0,0.4275,-0.1442,-0.8925,0,0,0.0377,0,1],"parentBoneIndex":16,"length":0.0458},
{"name":"pinky01_L","index":33,"matrix":[0.7937,-0.5544,-0.2504,0,0.2799,0.6982,-0.6589,0,0.5402,0.4529,0.7093,0,0,0.0458,0,1],"rest":[0.7937,-0.5544,-0.2504,0,0.4712,0.8206,-0.3234,0,0.3848,0.1387,0.9125,0,0,0.0458,0,1],"parentBoneIndex":32,"length":0.033},
{"name":"pinky02_L","index":34,"matrix":[0.9996,-0.0295,-0.0015,0,0.0265,0.9168,-0.3984,0,0.0131,0.3982,0.9172,0,0,0.033,0,1],"rest":[0.9996,-0.0295,-0.0015,0,0.0295,0.9931,0.1134,0,-0.0018,-0.1134,0.9936,0,0,0.033,0,1],"parentBoneIndex":33,"length":0.02},
{"name":"pinky03_L","index":35,"matrix":[0.9991,-0.0396,0.0142,0,0.0409,0.8372,-0.5453,0,0.0097,0.5454,0.8381,0,0,0.02,0,1],"rest":[0.9991,-0.0396,0.0142,0,0.0416,0.9804,-0.1927,0,-0.0063,0.1931,0.9812,0,0,0.02,0,1],"parentBoneIndex":34,"length":0.0187},
{"name":"clavicle_R","index":36,"matrix":[-0.2813,0.9596,0.003,0,-0.9336,-0.273,-0.2321,0,-0.2219,-0.0681,0.9727,0,-0.0333,0.1978,0.0576,1],"rest":[-0.2258,0.9728,0.0516,0,-0.9683,-0.2183,-0.1217,0,-0.1071,-0.0775,0.9912,0,-0.0333,0.1978,0.0576,1],"parentBoneIndex":12,"length":0.1542},
{"name":"upperarm_R","index":37,"matrix":[0.6374,0.6854,0.352,0,-0.7694,0.5909,0.2426,0,-0.0418,-0.4255,0.904,0,0,0.1542,0,1],"rest":[0.939,0.3438,0.0083,0,-0.3407,0.9267,0.1588,0,0.0469,-0.152,0.9873,0,0,0.1542,0,1],"parentBoneIndex":36,"length":0.2659},
{"name":"lowerarm_R","index":38,"matrix":[0.9912,-0.1236,0.0465,0,0.113,0.976,0.1862,0,-0.0684,-0.1793,0.9814,0,0,0.2659,0,1],"rest":[0.9912,-0.1236,0.0465,0,0.1238,0.9923,-0.0006,0,-0.0461,0.0063,0.9989,0,0,0.2659,0,1],"parentBoneIndex":37,"length":0.2855},
{"name":"hand_R","index":39,"matrix":[-0.1558,-0.1076,0.9819,0,-0.2439,0.9675,0.0673,0,-0.9572,-0.229,-0.177,0,0,0.2855,0,1],"rest":[-0.1558,-0.1076,0.9819,0,-0.1671,0.9826,0.0812,0,-0.9736,-0.1514,-0.1711,0,0,0.2855,0,1],"parentBoneIndex":38,"length":0.0377},
{"name":"thumb01_R","index":40,"matrix":[-0.0552,0.3672,-0.9285,0,0.8403,0.5194,0.1554,0,0.5393,-0.7716,-0.3372,0,0.0161,0.0171,0.0021,1],"rest":[-0.1585,0.5096,-0.8457,0,0.8403,0.5194,0.1554,0,0.5184,-0.686,-0.5105,0,0.0161,0.0171,0.0021,1],"parentBoneIndex":39,"length":0.0435},
{"name":"thumb02_R","index":41,"matrix":[0.993,-0.1034,-0.0567,0,0.0722,0.9134,-0.4006,0,0.0932,0.3937,0.9145,0,0,0.0435,0,1],"rest":[0.993,-0.1034,-0.0567,0,0.1063,0.993,0.0514,0,0.051,-0.057,0.9971,0,0,0.0435,0,1],"parentBoneIndex":40,"length":0.0373},
{"name":"thumb03_R","index":42,"matrix":[0.9994,0.0341,0.0072,0,-0.0284,0.9153,-0.4018,0,-0.0203,0.4014,0.9157,0,0,0.0373,0,1],"rest":[0.9994,0.0341,0.0072,0,-0.0284,0.9153,-0.4018,0,-0.0203,0.4014,0.9157,0,0,0.0373,0,1],"parentBoneIndex":41,"length":0.0339},
{"name":"index00_R","index":43,"matrix":[-0.8544,0.4864,-0.1829,0,0.5159,0.8363,-0.1857,0,0.0627,-0.253,-0.9654,0,0,0.0377,0,1],"rest":[-0.8544,0.4864,-0.1829,0,0.5159,0.8363,-0.1857,0,0.0627,-0.253,-0.9654,0,0,0.0377,0,1],"parentBoneIndex":39,"length":0.0574},
{"name":"index01_R","index":44,"matrix":[0.7936,-0.5497,-0.2608,0,0.371,0.7769,-0.5087,0,0.4823,0.3069,0.8205,0,0,0.0574,0,1],"rest":[0.7744,-0.569,-0.2768,0,0.3793,0.7675,-0.5168,0,0.5065,0.2952,0.8101,0,0,0.0574,0,1],"parentBoneIndex":43,"length":0.0375},
{"name":"index02_R","index":45,"matrix":[0.991,-0.0738,0.1121,0,0.0898,0.9852,-0.1458,0,-0.0997,0.1546,0.9829,0,0,0.0375,0,1],"rest":[0.9939,-0.0673,0.0878,0,0.0523,0.9852,0.1633,0,-0.0975,-0.1577,0.9827,0,0,0.0375,0,1],"parentBoneIndex":44,"length":0.0244},
{"name":"index03_R","index":46,"matrix":[0.9934,-0.021,-0.1129,0,-0.0003,0.9827,-0.1854,0,0.1149,0.1842,0.9761,0,0,0.0244,0,1],"rest":[0.9934,-0.021,-0.1129,0,-0.0003,0.9827,-0.1854,0,0.1149,0.1842,0.9761,0,0,0.0244,0,1],"parentBoneIndex":45,"length":0.0238},
{"name":"middle00_R","index":47,"matrix":[-0.98,0.1991,0.0028,0,0.196,0.9669,-0.1635,0,-0.0353,-0.1597,-0.9865,0,0,0.0377,0,1],"rest":[-0.98,0.1991,0.0028,0,0.196,0.9669,-0.1635,0,-0.0353,-0.1597,-0.9865,0,0,0.0377,0,1],"parentBoneIndex":39,"length":0.048},
{"name":"middle01_R","index":48,"matrix":[0.9493,-0.2502,-0.1901,0,0.1461,0.8871,-0.4379,0,0.2782,0.388,0.8787,0,0,0.048,0,1],"rest":[0.9287,-0.3022,-0.2151,0,0.1819,0.8763,-0.4461,0,0.3233,0.3752,0.8688,0,0,0.048,0,1],"parentBoneIndex":47,"length":0.0415},
{"name":"middle02_R","index":49,"matrix":[0.9975,-0.0119,-0.0699,0,-0.0069,0.9649,-0.2627,0,0.0706,0.2625,0.9624,0,0,0.0415,0,1],"rest":[0.9975,-0.0119,-0.0699,0,0.0227,0.9874,0.1565,0,0.0672,-0.1577,0.9852,0,0,0.0415,0,1],"parentBoneIndex":48,"length":0.0293},
{"name":"middle03_R","index":50,"matrix":[0.9882,0.0254,0.1509,0,0.0205,0.9552,-0.2952,0,-0.1516,0.2948,0.9435,0,0,0.0293,0,1],"rest":[0.9882,0.0254,0.1509,0,-0.0054,0.9913,-0.1318,0,-0.1529,0.1294,0.9797,0,0,0.0293,0,1],"parentBoneIndex":49,"length":0.0285},
{"name":"ring00_R","index":51,"matrix":[-0.942,-0.2336,0.2408,0,-0.2496,0.9676,-0.0379,0,-0.2241,-0.0958,-0.9698,0,0,0.0377,0,1],"rest":[-0.942,-0.2336,0.2408,0,-0.2496,0.9676,-0.0379,0,-0.2241,-0.0958,-0.9698,0,0,0.0377,0,1],"parentBoneIndex":39,"length":0.0425},
{"name":"ring01_R","index":52,"matrix":[0.9861,0.1656,-0.0158,0,-0.1517,0.8564,-0.4935,0,-0.0682,0.489,0.8696,0,0,0.0425,0,1],"rest":[0.991,0.1306,-0.029,0,-0.1329,0.9348,-0.3294,0,-0.0159,0.3303,0.9437,0,0,0.0425,0,1],"parentBoneIndex":51,"length":0.0406},
{"name":"ring02_R","index":53,"matrix":[0.9989,0.0422,0.0216,0,-0.0336,0.9516,-0.3054,0,-0.0335,0.3044,0.952,0,0,0.0406,0,1],"rest":[0.9989,0.0422,0.0216,0,-0.0444,0.9923,0.1156,0,-0.0166,-0.1164,0.9931,0,0,0.0406,0,1],"parentBoneIndex":52,"length":0.0278},
{"name":"ring03_R","index":54,"matrix":[0.9999,-0.0122,-0.0098,0,0.0067,0.8996,-0.4367,0,0.0142,0.4365,0.8996,0,0,0.0278,0,1],"rest":[0.9999,-0.0122,-0.0098,0,0.0107,0.9894,-0.1447,0,0.0115,0.1445,0.9894,0,0,0.0278,0,1],"parentBoneIndex":53,"length":0.0263},
{"name":"pinky00_R","index":55,"matrix":[-0.6501,-0.637,0.4143,0,-0.6282,0.7573,0.1785,0,-0.4275,-0.1442,-0.8925,0,0,0.0377,0,1],"rest":[-0.6501,-0.637,0.4143,0,-0.6282,0.7573,0.1785,0,-0.4275,-0.1442,-0.8925,0,0,0.0377,0,1],"parentBoneIndex":39,"length":0.0458},
{"name":"pinky01_R","index":56,"matrix":[0.8243,0.5401,0.1694,0,-0.3081,0.6791,-0.6663,0,-0.4749,0.497,0.7262,0,0,0.0458,0,1],"rest":[0.8243,0.5401,0.1694,0,-0.4712,0.8206,-0.3234,0,-0.3137,0.1867,0.931,0,0,0.0458,0,1],"parentBoneIndex":55,"length":0.033},
{"name":"pinky02_R","index":57,"matrix":[0.9978,0.033,0.058,0,-0.0071,0.9163,-0.4003,0,-0.0664,0.399,0.9145,0,0,0.033,0,1],"rest":[0.9978,0.033,0.058,0,-0.0393,0.9931,0.1103,0,-0.0539,-0.1124,0.9922,0,0,0.033,0,1],"parentBoneIndex":56,"length":0.02},
{"name":"pinky03_R","index":58,"matrix":[0.9979,0.0243,-0.0598,0,-0.0531,0.8363,-0.5457,0,0.0368,0.5477,0.8359,0,0,0.02,0,1],"rest":[0.9979,0.0243,-0.0598,0,-0.0355,0.9804,-0.1939,0,0.0539,0.1956,0.9792,0,0,0.02,0,1],"parentBoneIndex":57,"length":0.0187},
{"name":"neck","index":59,"matrix":[0.9947,0.0087,-0.1024,0,0,0.9964,0.0843,0,0.1028,-0.0839,0.9912,0,0,0.2281,0.0691,1],"rest":[1,0,0,0,0,0.9964,0.0843,0,0,-0.0843,0.9964,0,0,0.2281,0.0691,1],"parentBoneIndex":12,"length":0.1224},
{"name":"head","index":60,"matrix":[0.9958,0.0046,-0.0911,0,0,0.9987,0.0504,0,0.0912,-0.0502,0.9946,0,0,0.1224,0,1],"rest":[1,0,0,0,0,0.9987,0.0504,0,0,-0.0504,0.9987,0,0,0.1224,0,1],"parentBoneIndex":59,"length":0.167}]}],
"meshes":[{"name":"humanoid_humanm03","id":"humanoid_humanm03","billboardMode":0,"position":[0,0,0],"rotation":[0,0,0],"scaling":[1,1,1],"isVisible":true,"freezeWorldMatrix":false,"isEnabled":true,"checkCollisions":false,"receiveShadows":false,"skeletonId":0,"numBoneInfluencers":6
,"positions":[0.0469,1.6555,-0.0995,0.0479,1.6616,-0.099,0.0482,1.6612,-0.0959,0.0599,1.6564,-0.1154,0.0603,1.6588,-0.1152,0.0574,1.6598,-0.1142,0.049,1.6605,-0.0929,0.0481,1.6554,-0.0933,0.0548,1.6606,-0.1126,0.054,1.6562,-0.1129,0.0504,1.6597,-0.0902,0.0496,1.6553,-0.0905,0.0525,1.6612,-0.1105,0.0522,1.6587,-0.0878,0.0516,1.6561,-0.1109,0.0506,1.6617,-0.108,0.0545,1.6577,-0.0858,0.0541,1.6553,-0.086,0.0491,1.6619,-0.1052,0.0481,1.6558,-0.1057,0.0571,1.6565,-0.0844,0.0569,1.6553,-0.0845,0.0482,1.6619,-0.1022,0.0472,1.6557,-0.1026,0.062,1.6605,-0.1149,0.0615,1.6608,-0.1149,0.0472,1.6557,-0.1026,0.0482,1.6619,-0.1022,0.0527,1.6635,-0.0895,0.0541,1.6617,-0.0873,0.0552,1.6656,-0.1098,0.0536,1.6666,-0.1073,0.0558,1.6597,-0.0855,0.0524,1.6671,-0.1044,0.0578,1.6576,-0.0843,0.0515,1.6672,-0.1013,0.0637,1.6617,-0.1145,0.0635,1.6622,-0.1144,0.0515,1.6672,-0.1013,0.0511,1.6669,-0.0982,0.0512,1.6661,-0.0951,0.0593,1.6627,-0.1137,0.0517,1.665,-0.0922,0.0571,1.6643,-0.112,0.0594,1.6686,-0.1089,0.0583,1.6699,-0.1062,0.0569,1.6637,-0.0867,0.0577,1.6611,-0.0851,0.0573,1.6706,-0.1033,0.0587,1.6583,-0.084,0.0566,1.6708,-0.1002,0.0658,1.6622,-0.1141,0.0658,1.6627,-0.1139,0.0566,1.6708,-0.1002,0.0561,1.6704,-0.0971,0.0559,1.6694,-0.0941,0.0621,1.6647,-0.1131,0.056,1.668,-0.0912,0.0607,1.6669,-0.1112,0.0563,1.666,-0.0887,0.0602,1.6645,-0.086,0.06,1.6616,-0.0846,0.0639,1.6712,-0.1051,0.0633,1.672,-0.102,0.0599,1.6585,-0.0838,0.0626,1.6722,-0.0989,0.068,1.6618,-0.1137,0.0681,1.6623,-0.1135,0.0626,1.6722,-0.0989,0.062,1.6717,-0.0959,0.0615,1.6707,-0.0929,0.0654,1.6655,-0.1124,0.061,1.6691,-0.0902,0.065,1.6679,-0.1103,0.0606,1.667,-0.0879,0.0644,1.6698,-0.1079,0.0695,1.6701,-0.104,0.0692,1.6709,-0.1009,0.0624,1.6612,-0.0842,0.0611,1.6583,-0.0836,0.0688,1.671,-0.0978,0.0698,1.6606,-0.1134,0.0701,1.661,-0.1132,0.0688,1.671,-0.0978,0.068,1.6706,-0.0947,0.0671,1.6697,-0.0918,0.0688,1.6649,-0.1117,0.0661,1.6682,-0.0892,0.0693,1.6671,-0.1095,0.0649,1.6662,-0.0871,0.0695,1.6689,-0.1069,0.0636,1.6638,-0.0853,0.0644,1.6599,-0.0838,0.0622,1.6576,-0.0834,0.0744,1.6675,-0.1,0.074,1.6676,-0.0969,0.071,1.6588,-0.1132,0.0715,1.659,-0.113,0.074,1.6676,-0.0969,0.0732,1.6673,-0.0938,0.072,1.6665,-0.091,0.0717,1.663,-0.1112,0.0704,1.6653,-0.0885,0.073,1.6647,-0.1089,0.0686,1.6638,-0.0864,0.0739,1.666,-0.1061,0.0665,1.6619,-0.0848,0.0744,1.667,-0.1032,0.0715,1.6567,-0.1132,0.072,1.6567,-0.113,0.0776,1.6625,-0.0964,0.0767,1.6622,-0.0933,0.0753,1.6617,-0.0905,0.0737,1.6601,-0.111,0.0734,1.661,-0.0881,0.0755,1.661,-0.1085,0.0711,1.6601,-0.0861,0.0769,1.6617,-0.1057,0.0685,1.6591,-0.0846,0.0777,1.6622,-0.1027,0.0657,1.6579,-0.0836,0.0779,1.6625,-0.0995,0.0628,1.6566,-0.0833,0.0776,1.6625,-0.0964,0.079,1.6563,-0.0964,0.078,1.6562,-0.0933,0.0766,1.656,-0.0905,0.0745,1.6567,-0.1109,0.0746,1.6559,-0.0881,0.0765,1.6566,-0.1085,0.0721,1.6558,-0.086,0.078,1.6566,-0.1057,0.0693,1.6556,-0.0845,0.0789,1.6565,-0.1027,0.0663,1.6555,-0.0836,0.0793,1.6564,-0.0995,0.0631,1.6554,-0.0833,0.079,1.6563,-0.0964,0.0711,1.6545,-0.1133,0.0716,1.6543,-0.1131,0.077,1.6501,-0.0938,0.0756,1.6503,-0.0909,0.0739,1.6532,-0.1112,0.0737,1.6507,-0.0884,0.0758,1.6522,-0.1088,0.0714,1.6514,-0.0864,0.0771,1.6514,-0.1061,0.0687,1.6522,-0.0848,0.078,1.6508,-0.1031,0.0659,1.6531,-0.0838,0.0782,1.6503,-0.0999,0.0629,1.6542,-0.0834,0.0779,1.6501,-0.0968,0.07,1.6526,-0.1136,0.0704,1.6523,-0.1135,0.0779,1.6501,-0.0968,0.0738,1.6448,-0.0946,0.0725,1.6454,-0.0917,0.0721,1.6503,-0.1117,0.0709,1.6463,-0.0891,0.0734,1.6485,-0.1094,0.069,1.6476,-0.087,0.0744,1.647,-0.1068,0.0669,1.6492,-0.0853,0.0749,1.6458,-0.1039,0.0646,1.6511,-0.0841,0.075,1.6451,-0.1008,0.0623,1.6532,-0.0836,0.0746,1.6448,-0.0976,0.0682,1.6514,-0.114,0.0684,1.6509,-0.1139,0.0746,1.6448,-0.0976,0.0679,1.642,-0.0928,0.0667,1.6433,-0.0901,0.0693,1.6482,-0.1123,0.0699,1.6459,-0.1102,0.0655,1.6451,-0.0878,0.0702,1.644,-0.1077,0.0641,1.6472,-0.0859,0.0702,1.6425,-0.1049,0.0627,1.6497,-0.0846,0.07,1.6415,-0.1019,0.0613,1.6525,-0.0838,0.0695,1.6411,-0.0988,0.0661,1.6509,-0.1145,0.0661,1.6503,-0.1144,0.0695,1.6411,-0.0988,0.0688,1.6413,-0.0957,0.0659,1.6475,-0.113,0.0656,1.645,-0.1111,0.0617,1.6422,-0.0911,0.0612,1.6441,-0.0886,0.0652,1.6429,-0.1088,0.0607,1.6465,-0.0866,0.0647,1.6413,-0.1061,0.0604,1.6492,-0.085,0.0641,1.6402,-0.1031,0.0601,1.6522,-0.084,0.0635,1.6398,-0.1,0.064,1.6513,-0.1149,0.0638,1.6508,-0.1148,0.0635,1.6398,-0.1,0.0629,1.64,-0.0969,0.0623,1.6408,-0.0939,0.0566,1.6431,-0.0921,0.0569,1.6449,-0.0895,0.0613,1.6458,-0.1119,0.0601,1.6438,-0.1097,0.0573,1.6471,-0.0872,0.059,1.6423,-0.1071,0.058,1.6496,-0.0855,0.0581,1.6413,-0.1042,0.0589,1.6524,-0.0842,0.0574,1.6409,-0.1012,0.0622,1.6525,-0.1152,0.0618,1.6521,-0.1151,0.0635,1.6398,-0.1,0.0574,1.6409,-0.1012,0.0569,1.6411,-0.0981,0.0566,1.6418,-0.095,0.0625,1.6481,-0.1136,0.0576,1.6482,-0.1126,0.0557,1.6466,-0.1105,0.0531,1.6473,-0.0901,0.0544,1.649,-0.0877,0.0542,1.6454,-0.108,0.056,1.6509,-0.0858,0.053,1.6446,-0.1051,0.0579,1.6531,-0.0844,0.0521,1.6443,-0.1021,0.0609,1.6543,-0.1153,0.0604,1.6541,-0.1153,0.0521,1.6443,-0.1021,0.0517,1.6444,-0.0989,0.0518,1.645,-0.0958,0.0596,1.65,-0.1141,0.0523,1.6459,-0.0928,0.0657,1.6581,-0.1161,0.0652,1.658,-0.1137,0.0658,1.6581,-0.1136,0.0678,1.656,-0.1157,0.0673,1.6559,-0.1134,0.067,1.6554,-0.1135,0.0647,1.6566,-0.1163,0.0643,1.6565,-0.1139,0.0644,1.6571,-0.1139,0.0506,1.6509,-0.0904,0.0524,1.6519,-0.088,0.0527,1.6509,-0.1109,0.0509,1.6502,-0.1084,0.0546,1.6529,-0.086,0.0494,1.6497,-0.1056,0.0572,1.6541,-0.0845,0.0486,1.6495,-0.1026,0.0605,1.6564,-0.1154,0.0486,1.6495,-0.1026,0.0482,1.6495,-0.0994,0.0485,1.6497,-0.0963,0.0576,1.6529,-0.1144,0.0493,1.6502,-0.0932,0.055,1.6518,-0.1129,0.0652,1.6577,-0.1162,0.0647,1.6576,-0.1138,0.0674,1.6578,-0.1158,0.0669,1.6577,-0.1134,0.0673,1.6572,-0.1133,0.0679,1.6567,-0.1157,0.0674,1.6566,-0.1133,0.0652,1.6555,-0.1163,0.0648,1.6554,-0.1139,0.0644,1.6559,-0.1139,0.0664,1.655,-0.1161,0.067,1.6551,-0.1159,0.0665,1.6551,-0.1136,0.0649,1.656,-0.1163,0.0649,1.6572,-0.1163,0.0658,1.6551,-0.1162,0.0653,1.655,-0.1138,0.0669,1.6581,-0.1158,0.0664,1.658,-0.1135,0.0663,1.6582,-0.116,0.0659,1.6549,-0.1137,0.0678,1.6573,-0.1157,0.0621,1.6582,-0.1157,0.063,1.6596,-0.1155,0.0675,1.6555,-0.1158,0.0516,1.6553,-0.088,0.0496,1.6559,-0.1085,0.0618,1.6565,-0.1158,0.0608,1.6586,-0.1152,0.0486,1.6495,-0.1026,0.0472,1.6557,-0.1026,0.0472,1.6554,-0.0963,0.0568,1.6563,-0.1144,0.0643,1.6606,-0.1151,0.0693,1.6535,-0.1145,0.0679,1.6525,-0.1148,0.066,1.661,-0.1148,0.0662,1.6522,-0.1151,0.0677,1.6607,-0.1145,0.0646,1.6525,-0.1154,0.0691,1.6598,-0.1142,0.0631,1.6534,-0.1157,0.0701,1.6583,-0.1141,0.0622,1.6548,-0.1158,0.0704,1.6567,-0.1141,0.0702,1.655,-0.1142,0.0665,1.6547,-0.1128,0.0675,1.6573,-0.1125,0.0639,1.6557,-0.1133,0.0638,1.6565,-0.1133,0.0649,1.6583,-0.113,0.0657,1.6585,-0.1129,0.0675,1.6558,-0.1126,0.0671,1.6579,-0.1126,0.0644,1.6551,-0.1132,0.0671,1.6551,-0.1127,0.0639,1.6572,-0.1133,0.0643,1.6579,-0.1132,0.0664,1.6584,-0.1127,0.065,1.6546,-0.1131,0.0658,1.6545,-0.113,0.0677,1.6565,-0.1125,0.0654,1.6585,-0.1117,0.0641,1.6578,-0.112,0.0647,1.6583,-0.1119,0.0663,1.6546,-0.1117,0.0655,1.6545,-0.1118,0.0674,1.6565,-0.1114,0.0673,1.6557,-0.1114,0.0637,1.6557,-0.1122,0.0635,1.6564,-0.1122,0.0637,1.6572,-0.1121,0.0641,1.655,-0.1121,0.0673,1.6573,-0.1114,0.0648,1.6546,-0.112,0.0668,1.6579,-0.1115,0.0669,1.6551,-0.1116,0.0662,1.6583,-0.1116,0.0654,1.6579,-0.1117,0.0655,1.6572,-0.1118,0.0655,1.6565,-0.1118,0.0655,1.6557,-0.1118,0.0655,1.655,-0.1118,0.06,1.6576,-0.0838,0.06,1.6566,-0.0839,0.06,1.6542,-0.084,0.0601,1.6531,-0.084,0.06,1.6554,-0.0839,0.0682,1.6547,-0.1152,0.0687,1.6556,-0.1151,0.0635,1.6565,-0.1161,0.0689,1.6567,-0.115,0.0687,1.6577,-0.115,0.0638,1.6555,-0.116,0.0681,1.6586,-0.1151,0.0644,1.6546,-0.116,0.0653,1.654,-0.1158,0.0672,1.6592,-0.1152,0.0663,1.6539,-0.1156,0.0673,1.6541,-0.1154,0.0661,1.6594,-0.1154,0.0651,1.6591,-0.1156,0.0637,1.6576,-0.116,0.0643,1.6585,-0.1158,0.0557,1.6713,-0.0969,0.0555,1.6703,-0.0937,0.0505,1.6667,-0.0948,0.0605,1.6619,-0.1152,0.0629,1.6636,-0.1147,0.062,1.6653,-0.1139,0.0555,1.6687,-0.0907,0.059,1.6631,-0.1146,0.0605,1.6676,-0.1119,0.0559,1.6666,-0.0881,0.0521,1.6639,-0.0889,0.0568,1.6649,-0.1128,0.0592,1.6694,-0.1095,0.0565,1.6642,-0.0859,0.0535,1.662,-0.0866,0.058,1.6708,-0.1066,0.053,1.6672,-0.1077,0.0574,1.6614,-0.0842,0.0553,1.6599,-0.0847,0.057,1.6715,-0.1035,0.0585,1.6584,-0.0831,0.0574,1.6577,-0.0833,0.0562,1.6717,-0.1002,0.0508,1.6679,-0.1014,0.0508,1.6679,-0.1014,0.0562,1.6717,-0.1002,0.0604,1.6677,-0.0872,0.0601,1.665,-0.0852,0.0645,1.6706,-0.1084,0.0639,1.6721,-0.1054,0.0598,1.6619,-0.0837,0.0633,1.6729,-0.1022,0.0597,1.6587,-0.0828,0.0626,1.6731,-0.0989,0.0642,1.661,-0.1155,0.0661,1.6614,-0.1152,0.066,1.662,-0.115,0.0562,1.6717,-0.1002,0.0626,1.6731,-0.0989,0.062,1.6727,-0.0956,0.0614,1.6716,-0.0925,0.0658,1.6642,-0.1141,0.0656,1.6661,-0.1132,0.0608,1.6699,-0.0896,0.0651,1.6686,-0.111,0.0699,1.6696,-0.1073,0.0699,1.671,-0.1043,0.0637,1.6643,-0.0845,0.0623,1.6615,-0.0832,0.0696,1.6718,-0.101,0.061,1.6585,-0.0826,0.0691,1.672,-0.0977,0.0679,1.6611,-0.1148,0.0681,1.6616,-0.1146,0.0691,1.672,-0.0977,0.0683,1.6715,-0.0944,0.0674,1.6705,-0.0914,0.0687,1.6637,-0.1136,0.0692,1.6654,-0.1125,0.0662,1.6689,-0.0886,0.0697,1.6678,-0.1101,0.065,1.6668,-0.0863,0.0668,1.6623,-0.0839,0.0645,1.6601,-0.0829,0.0751,1.6677,-0.1034,0.0751,1.6683,-0.1001,0.0621,1.6577,-0.0824,0.0747,1.6684,-0.0967,0.0695,1.6601,-0.1145,0.0698,1.6605,-0.1143,0.0747,1.6684,-0.0967,0.0738,1.668,-0.0935,0.0725,1.6672,-0.0905,0.0712,1.6621,-0.1131,0.0723,1.6634,-0.112,0.0709,1.6659,-0.0878,0.0736,1.6652,-0.1095,0.0689,1.6643,-0.0856,0.0746,1.6666,-0.1066,0.0786,1.6626,-0.1029,0.0788,1.6629,-0.0995,0.0659,1.658,-0.0827,0.0628,1.6567,-0.0823,0.0785,1.6629,-0.0962,0.0705,1.6586,-0.1144,0.071,1.6587,-0.1141,0.0785,1.6629,-0.0962,0.0775,1.6626,-0.093,0.076,1.6621,-0.09,0.0729,1.6596,-0.1129,0.0744,1.6603,-0.1117,0.074,1.6613,-0.0874,0.0763,1.6613,-0.1091,0.0716,1.6604,-0.0852,0.0777,1.6621,-0.1061,0.0689,1.6593,-0.0836,0.0665,1.6555,-0.0826,0.0631,1.6554,-0.0823,0.0803,1.6564,-0.0995,0.0799,1.6563,-0.0962,0.0709,1.6567,-0.1144,0.0714,1.6567,-0.1141,0.0785,1.6629,-0.0962,0.0799,1.6563,-0.0962,0.079,1.6562,-0.0929,0.0774,1.656,-0.09,0.0735,1.6567,-0.1129,0.0752,1.6567,-0.1117,0.0752,1.6559,-0.0874,0.0773,1.6567,-0.1091,0.0727,1.6558,-0.0852,0.0789,1.6566,-0.1061,0.0697,1.6556,-0.0836,0.0799,1.6565,-0.1029,0.0706,1.6548,-0.1145,0.0711,1.6546,-0.1143,0.0799,1.6563,-0.0962,0.0788,1.6497,-0.0966,0.0779,1.6497,-0.0934,0.0764,1.6499,-0.0904,0.073,1.6538,-0.1131,0.0746,1.653,-0.1119,0.0743,1.6504,-0.0877,0.0766,1.652,-0.1094,0.0719,1.6511,-0.0856,0.078,1.6511,-0.1065,0.0691,1.652,-0.0839,0.0789,1.6504,-0.1033,0.066,1.653,-0.0828,0.0792,1.65,-0.1,0.0629,1.6541,-0.0824,0.0788,1.6497,-0.0966,0.0753,1.6441,-0.0975,0.0744,1.6442,-0.0943,0.0731,1.6447,-0.0912,0.0715,1.6512,-0.1135,0.0726,1.6499,-0.1124,0.0714,1.6457,-0.0885,0.0741,1.648,-0.11,0.0694,1.6471,-0.0862,0.075,1.6464,-0.1072,0.0671,1.6488,-0.0844,0.0756,1.6452,-0.1041,0.0647,1.6508,-0.0832,0.0757,1.6444,-0.1008,0.0622,1.653,-0.0826,0.0753,1.6441,-0.0975,0.0788,1.6497,-0.0966,0.0697,1.6532,-0.1148,0.07,1.6529,-0.1146,0.0692,1.6404,-0.0955,0.0682,1.6412,-0.0924,0.0691,1.6495,-0.114,0.0696,1.6478,-0.1131,0.067,1.6425,-0.0895,0.0703,1.6453,-0.1109,0.0656,1.6444,-0.087,0.0706,1.6432,-0.1082,0.0641,1.6467,-0.0851,0.0706,1.6417,-0.1052,0.0626,1.6494,-0.0836,0.0704,1.6406,-0.102,0.0612,1.6523,-0.0828,0.0699,1.6402,-0.0987,0.0753,1.6441,-0.0975,0.0681,1.6522,-0.1151,0.0683,1.6517,-0.1149,0.0699,1.6402,-0.0987,0.0629,1.639,-0.0968,0.0622,1.6399,-0.0936,0.0662,1.6489,-0.1146,0.0661,1.647,-0.1138,0.0616,1.6413,-0.0906,0.0657,1.6443,-0.1118,0.0611,1.6434,-0.088,0.0653,1.6421,-0.1093,0.0606,1.6459,-0.0858,0.0648,1.6404,-0.1065,0.0602,1.6488,-0.0841,0.0642,1.6393,-0.1033,0.0599,1.652,-0.0831,0.0635,1.6388,-0.1001,0.0663,1.6518,-0.1155,0.0663,1.6512,-0.1154,0.0635,1.6388,-0.1001,0.0562,1.6409,-0.0947,0.0562,1.6423,-0.0916,0.0625,1.6476,-0.1145,0.0611,1.6451,-0.1127,0.0565,1.6442,-0.0888,0.0599,1.643,-0.1104,0.057,1.6465,-0.0865,0.0588,1.6414,-0.1076,0.0577,1.6493,-0.0846,0.0578,1.6404,-0.1045,0.0586,1.6522,-0.0833,0.057,1.64,-0.1013,0.0645,1.6521,-0.1158,0.0643,1.6516,-0.1157,0.057,1.64,-0.1013,0.0565,1.6402,-0.098,0.0633,1.6494,-0.1152,0.0594,1.6496,-0.115,0.0572,1.6477,-0.1134,0.0516,1.6453,-0.0924,0.0525,1.6468,-0.0895,0.0553,1.646,-0.1111,0.0539,1.6485,-0.087,0.0536,1.6448,-0.1085,0.0556,1.6506,-0.085,0.0523,1.644,-0.1055,0.0576,1.6529,-0.0835,0.0515,1.6436,-0.1022,0.0629,1.6531,-0.1161,0.0625,1.6527,-0.1161,0.057,1.64,-0.1013,0.0515,1.6436,-0.1022,0.0511,1.6437,-0.0989,0.0511,1.6443,-0.0956,0.0608,1.651,-0.1156,0.0484,1.6499,-0.0929,0.0498,1.6506,-0.0899,0.0545,1.6516,-0.1137,0.0521,1.6506,-0.1116,0.0518,1.6516,-0.0873,0.0501,1.6499,-0.109,0.0541,1.6527,-0.0852,0.0486,1.6493,-0.106,0.0568,1.654,-0.0836,0.0477,1.6491,-0.1028,0.0618,1.6546,-0.1162,0.0613,1.6544,-0.1162,0.0477,1.6491,-0.1028,0.0473,1.6491,-0.0994,0.0476,1.6494,-0.0961,0.0591,1.6535,-0.1158,0.0573,1.6527,-0.1153,0.0535,1.6562,-0.1138,0.0509,1.6561,-0.1116,0.0488,1.6553,-0.0899,0.051,1.6552,-0.0873,0.0488,1.6559,-0.109,0.0536,1.6552,-0.0852,0.0472,1.6558,-0.106,0.0565,1.6553,-0.0836,0.0462,1.6556,-0.1028,0.0614,1.6565,-0.1163,0.0609,1.6565,-0.1162,0.0462,1.6556,-0.1028,0.0459,1.6555,-0.0995,0.0462,1.6554,-0.0961,0.0585,1.6564,-0.1158,0.0565,1.6563,-0.1154,0.0472,1.6553,-0.0929,0.0496,1.6599,-0.0896,0.0516,1.6589,-0.0871,0.0518,1.6615,-0.1112,0.0498,1.662,-0.1086,0.054,1.6578,-0.085,0.0483,1.6622,-0.1056,0.0568,1.6565,-0.0835,0.0473,1.6622,-0.1023,0.0617,1.6584,-0.1161,0.0612,1.6585,-0.1161,0.0473,1.6622,-0.1023,0.047,1.662,-0.099,0.0472,1.6615,-0.0957,0.059,1.6593,-0.1156,0.0571,1.66,-0.1151,0.0481,1.6608,-0.0925,0.0543,1.6609,-0.1134,0.0517,1.6678,-0.1047,0.0508,1.6679,-0.1014,0.0504,1.6675,-0.0981,0.0511,1.6655,-0.0917,0.0547,1.6662,-0.1105,0.0627,1.66,-0.1159,0.0623,1.6603,-0.1158,0.0641,1.6588,-0.1163,0.0642,1.6544,-0.1165,0.0638,1.6566,-0.1168,0.0685,1.6545,-0.1156,0.0664,1.654,-0.1164,0.0689,1.6567,-0.1158,0.0665,1.6567,-0.1171,0.0684,1.6589,-0.1155,0.0663,1.6592,-0.1162,0.062,1.6606,-0.1157,0.0608,1.6587,-0.116,0.0605,1.6565,-0.1162,0.061,1.6543,-0.1162,0.0622,1.6524,-0.116,0.0641,1.6512,-0.1157,0.0663,1.6508,-0.1153,0.0684,1.6513,-0.1148,0.0702,1.6526,-0.1144,0.0714,1.6545,-0.1141,0.0718,1.6567,-0.114,0.0713,1.6589,-0.114,0.07,1.6607,-0.1142,0.0682,1.662,-0.1145,0.066,1.6623,-0.1149,0.0638,1.6619,-0.1153,0.064,1.6615,-0.1154,0.0598,1.6577,-0.0829,0.0598,1.6566,-0.0829,0.0598,1.6553,-0.083,0.0599,1.6541,-0.083,0.0599,1.653,-0.083,0.1937,0.5221,-0.0418,0.1994,0.5035,-0.0426,0.1927,0.499,-0.0264,0.1771,0.5361,-0.0294,0.1734,0.553,-0.0301,0.1825,0.5569,-0.0349,0.1564,0.5311,-0.0222,0.1539,0.5473,-0.0237,0.164,0.5502,-0.0251,0.1314,0.5265,-0.0291,0.1302,0.5425,-0.0273,0.1437,0.5443,-0.0218,0.1187,0.5449,-0.0364,0.1148,0.5685,-0.0322,0.1285,0.5643,-0.025,0.1411,0.5644,-0.0188,0.1693,0.5718,-0.0281,0.1766,0.5778,-0.0311,0.1517,0.5666,-0.0213,0.1611,0.5691,-0.0243,0.1664,0.5871,-0.025,0.1715,0.6012,-0.0228,0.1389,0.5841,-0.0162,0.1278,0.5822,-0.0223,0.1168,0.5972,-0.0226,0.1497,0.5866,-0.0184,0.1592,0.5875,-0.0216,0.1489,0.6066,-0.0125,0.1347,0.6045,-0.0135,0.1326,0.6296,-0.0044,0.1488,0.6297,-0.0039,0.162,0.6296,-0.0061,0.1728,0.6295,-0.0126,0.1671,0.5336,-0.0242,0.2063,0.4839,-0.0424,0.1982,0.4815,-0.0231,0.2134,0.4622,-0.0445,0.2044,0.4609,-0.0195,0.211,0.4375,-0.0208,0.2201,0.4386,-0.0473,0.2242,0.413,-0.0501,0.2154,0.4118,-0.0228,0.2273,0.3857,-0.0494,0.2272,0.3581,-0.0459,0.2193,0.3561,-0.0262,0.2248,0.3312,-0.0433,0.2189,0.3298,-0.0283,0.2207,0.3069,-0.0425,0.2143,0.3062,-0.03,0.2096,0.2866,-0.0309,0.195,0.2857,-0.0187,0.1569,0.2676,-0.019,0.1564,0.2849,-0.0142,0.1753,0.2849,-0.0127,0.1714,0.5164,-0.0207,0.1769,0.4981,-0.0131,0.1599,0.4956,-0.0105,0.1442,0.5116,-0.0194,0.1429,0.4936,-0.0139,0.1269,0.4923,-0.0278,0.1312,0.5098,-0.0298,0.1162,0.4915,-0.0445,0.1581,0.5134,-0.0176,0.1126,0.6294,-0.0126,0.1093,0.6567,-0.0019,0.1307,0.6548,0.0056,0.1485,0.654,0.0059,0.163,0.6543,0.0036,0.1465,0.6777,0.0147,0.1039,0.6813,0.0065,0.1271,0.6785,0.0145,0.0971,0.7041,0.0108,0.1615,0.6787,0.012,0.1429,0.7003,0.0211,0.1221,0.7007,0.0205,0.0909,0.7249,0.013,0.1586,0.7019,0.018,0.1396,0.7217,0.0269,0.117,0.7218,0.0245,0.0854,0.7445,0.0152,0.1557,0.7237,0.0229,0.1355,0.742,0.0313,0.1618,0.4762,-0.0024,0.1414,0.4741,-0.0076,0.1637,0.4552,0.0054,0.1397,0.4531,0.0002,0.1669,0.4321,0.0094,0.1409,0.4303,0.0032,0.1709,0.407,0.0093,0.1439,0.4055,0.0038,0.1749,0.3801,0.0068,0.1471,0.3789,0.0026,0.1784,0.3527,0.0021,0.1787,0.3268,-0.0026,0.1521,0.325,-0.0059,0.1775,0.305,-0.0086,0.1547,0.3036,-0.0105,0.1823,0.4792,-0.0038,0.1928,0.4353,0.0066,0.1968,0.4096,0.005,0.2012,0.3822,0.0018,0.2037,0.3543,-0.0042,0.2026,0.3286,-0.0096,0.1312,0.2617,-0.0543,0.1252,0.2666,-0.0727,0.1193,0.2896,-0.0716,0.1738,0.2665,-0.0162,0.1224,0.473,-0.0234,0.1127,0.4729,-0.0458,0.1188,0.4524,-0.0188,0.1237,0.3516,-0.0149,0.1067,0.3541,-0.0387,0.1063,0.3805,-0.0423,0.1186,0.4055,-0.0125,0.1079,0.4065,-0.0434,0.1095,0.431,-0.0449,0.1279,0.3248,-0.0167,0.1107,0.3279,-0.0376,0.1195,0.378,-0.0121,0.1333,0.3036,-0.0198,0.1174,0.3058,-0.0373,0.1178,0.4303,-0.0152,0.111,0.4527,-0.0459,0.1255,0.2847,-0.049,0.1417,0.2729,-0.0301,0.144,0.2538,-0.0367,0.2162,0.289,-0.0412,0.1989,0.306,-0.0156,0.2192,0.3846,-0.0245,0.1873,0.4585,0.0041,0.1676,0.7266,0.0153,0.1519,0.744,0.0272,0.17,0.7047,0.0102,0.1725,0.6811,0.0042,0.1734,0.6558,-0.0034,0.1605,0.6061,-0.0157,0.1448,0.5289,-0.0229,0.1499,0.3515,-0.0024,0.1121,0.7418,0.028,0.1263,0.2922,-0.0365,0.1391,0.2871,-0.0228,0.1201,0.5088,-0.0413,0.1851,0.518,-0.029,0.1878,0.5389,-0.0382,0.4299,0.8156,-0.2508,0.4353,0.8147,-0.2456,0.4369,0.8219,-0.2451,0.4334,0.8271,-0.2325,0.4339,0.8299,-0.2324,0.4373,0.8331,-0.2368,0.4271,0.796,-0.2462,0.4262,0.7937,-0.2461,0.4267,0.7919,-0.241,0.4199,0.7966,-0.2361,0.4212,0.8044,-0.2361,0.4241,0.8033,-0.2343,0.4269,0.8025,-0.2349,0.4294,0.8012,-0.2398,0.4282,0.7977,-0.2407,0.4362,0.8408,-0.2339,0.4313,0.839,-0.2282,0.4296,0.8456,-0.2258,0.433,0.8355,-0.2484,0.4374,0.836,-0.2426,0.4374,0.8431,-0.241,0.4287,0.8075,-0.2342,0.4305,0.8147,-0.2333,0.4344,0.8144,-0.2385,0.4358,0.8216,-0.2379,0.4185,0.817,-0.2446,0.4233,0.8165,-0.2506,0.4253,0.8249,-0.2505,0.4365,0.8491,-0.2304,0.4381,0.8537,-0.2294,0.4383,0.8549,-0.2379,0.4189,0.8414,-0.2404,0.4229,0.8294,-0.2454,0.4266,0.832,-0.2499,0.4259,0.8377,-0.2265,0.4257,0.8439,-0.2239,0.4248,0.8068,-0.2336,0.4266,0.8149,-0.2324,0.4253,0.8521,-0.2443,0.4277,0.8444,-0.2467,0.4326,0.8446,-0.2459,0.4292,0.8261,-0.2324,0.4291,0.8271,-0.2321,0.4233,0.8165,-0.2506,0.4263,0.8162,-0.2514,0.4279,0.8242,-0.2511,0.4259,0.8377,-0.2265,0.4235,0.838,-0.2279,0.4224,0.8467,-0.2245,0.4381,0.8325,-0.2434,0.4353,0.8326,-0.2479,0.4351,0.8298,-0.2495,0.4143,0.7857,-0.2472,0.4161,0.7892,-0.2504,0.4167,0.7942,-0.2501,0.4238,0.7989,-0.2503,0.42,0.799,-0.2517,0.4193,0.7954,-0.2513,0.4227,0.7935,-0.2502,0.4187,0.7923,-0.2515,0.4193,0.7881,-0.2517,0.4177,0.7834,-0.2498,0.419,0.7866,-0.2505,0.4251,0.7893,-0.2374,0.4248,0.786,-0.2387,0.4233,0.7829,-0.2385,0.4168,0.7818,-0.2487,0.4177,0.7834,-0.2498,0.4175,0.7845,-0.2506,0.4385,0.8276,-0.2384,0.4378,0.8312,-0.2387,0.4154,0.7834,-0.2421,0.4149,0.7897,-0.2411,0.4194,0.79,-0.2364,0.4144,0.8553,-0.2242,0.4126,0.8588,-0.22,0.4181,0.8572,-0.2123,0.4269,0.8268,-0.2346,0.4263,0.8268,-0.2342,0.4225,0.8276,-0.2379,0.4157,0.7819,-0.2483,0.424,0.7858,-0.2397,0.4225,0.7825,-0.2397,0.4175,0.7845,-0.2506,0.422,0.7914,-0.2507,0.4254,0.8239,-0.2338,0.4214,0.8251,-0.2374,0.4167,0.7942,-0.2501,0.4261,0.7919,-0.2461,0.4253,0.7908,-0.2459,0.4262,0.7891,-0.2414,0.4145,0.7918,-0.2464,0.4176,0.7985,-0.2495,0.4253,0.7935,-0.2362,0.4224,0.7859,-0.2364,0.422,0.7902,-0.2498,0.4231,0.7961,-0.2503,0.4198,0.8518,-0.2428,0.4277,0.8492,-0.1987,0.4261,0.8507,-0.2008,0.427,0.8559,-0.195,0.438,0.8511,-0.2386,0.4324,0.852,-0.2439,0.4296,0.8548,-0.186,0.4304,0.8499,-0.1874,0.4203,0.853,-0.2128,0.4193,0.8522,-0.2165,0.4175,0.8535,-0.2184,0.4326,0.8566,-0.2429,0.4159,0.7967,-0.2404,0.4281,0.7984,-0.246,0.4291,0.8012,-0.246,0.4326,0.8213,-0.233,0.4329,0.8243,-0.2326,0.4154,0.7978,-0.2457,0.4175,0.8056,-0.245,0.4192,0.8044,-0.249,0.4217,0.804,-0.2513,0.4228,0.8069,-0.2511,0.4229,0.8281,-0.2454,0.4265,0.8286,-0.2505,0.427,0.8306,-0.2503,0.4236,0.8156,-0.2338,0.4224,0.8069,-0.2358,0.4186,0.8068,-0.24,0.4291,0.8252,-0.2323,0.4187,0.8165,-0.2379,0.4265,0.8286,-0.2505,0.4291,0.8278,-0.2509,0.4299,0.8307,-0.2506,0.4363,0.8232,-0.2374,0.425,0.7905,-0.2458,0.4219,0.7899,-0.2496,0.4218,0.7898,-0.2495,0.4256,0.789,-0.2419,0.4246,0.7902,-0.2456,0.4282,0.8222,-0.2322,0.4192,0.8044,-0.249,0.4204,0.8077,-0.2492,0.4241,0.8033,-0.2343,0.426,0.7973,-0.2357,0.4253,0.8249,-0.2505,0.4217,0.8253,-0.2453,0.4331,0.8522,-0.1773,0.4265,0.79,-0.2409,0.4392,0.841,-0.1699,0.4383,0.8473,-0.1695,0.4421,0.8496,-0.1638,0.427,0.8306,-0.2503,0.4296,0.8334,-0.2499,0.4365,0.8475,-0.1754,0.4366,0.8469,-0.1789,0.4341,0.8486,-0.1813,0.4232,0.8438,-0.2458,0.4266,0.832,-0.2499,0.4263,0.8274,-0.2341,0.4223,0.8274,-0.2377,0.4241,0.8295,-0.2458,0.4319,0.8231,-0.2505,0.4373,0.8233,-0.2451,0.4308,0.8051,-0.2395,0.4316,0.8052,-0.2459,0.4306,0.803,-0.2462,0.4278,0.805,-0.2344,0.4328,0.8091,-0.2388,0.424,0.8052,-0.2342,0.4212,0.8101,-0.2497,0.4243,0.8104,-0.2512,0.4238,0.8273,-0.2382,0.418,0.8082,-0.2454,0.4212,0.8101,-0.2497,0.4204,0.8077,-0.2492,0.4187,0.8052,-0.2401,0.4194,0.8061,-0.2406,0.4186,0.8072,-0.2455,0.4212,0.8101,-0.2497,0.4376,0.8256,-0.2448,0.4389,0.8288,-0.2448,0.4373,0.8251,-0.239,0.4226,0.7918,-0.2358,0.4171,0.7805,-0.2436,0.4194,0.784,-0.2375,0.4161,0.7892,-0.2504,0.4198,0.78,-0.2448,0.4199,0.781,-0.2447,0.4174,0.7825,-0.2483,0.4398,0.8532,-0.1624,0.4184,0.8388,-0.2326,0.4206,0.7806,-0.2395,0.4176,0.7836,-0.2494,0.4187,0.7866,-0.2498,0.4221,0.7827,-0.2398,0.4232,0.7859,-0.24,0.4236,0.7857,-0.2403,0.4214,0.7818,-0.2402,0.4226,0.7826,-0.2401,0.4187,0.7866,-0.2498,0.4193,0.7865,-0.2498,0.4176,0.7836,-0.2494,0.4177,0.7834,-0.2498,0.4181,0.7833,-0.2497,0.4221,0.7824,-0.2455,0.4236,0.7859,-0.2457,0.4322,0.8075,-0.241,0.4328,0.8077,-0.2458,0.4171,0.8517,-0.236,0.4244,0.8456,-0.2164,0.4229,0.8461,-0.2199,0.4211,0.8489,-0.2186,0.4263,0.8061,-0.25,0.4359,0.8486,-0.2252,0.4444,0.8485,-0.2198,0.445,0.8517,-0.2196,0.4461,0.8522,-0.2091,0.4179,0.8487,-0.2292,0.447,0.8525,-0.2041,0.4453,0.8461,-0.2037,0.4508,0.8445,-0.1987,0.4533,0.8528,-0.1884,0.4514,0.8493,-0.1981,0.4537,0.85,-0.1698,0.4546,0.8489,-0.1752,0.4543,0.8458,-0.1763,0.4421,0.8466,-0.207,0.4454,0.8512,-0.2074,0.451,0.8466,-0.1815,0.377,0.8624,-0.2484,0.377,0.8669,-0.2432,0.3777,0.8657,-0.2405,0.3893,0.865,-0.2521,0.3958,0.8644,-0.2474,0.3963,0.8679,-0.2451,0.3823,0.867,-0.2508,0.3869,0.8671,-0.2508,0.3892,0.8708,-0.2505,0.3836,0.8637,-0.2312,0.3838,0.8626,-0.234,0.3792,0.8626,-0.2362,0.3965,0.8649,-0.2417,0.3792,0.8626,-0.2362,0.3779,0.8695,-0.2376,0.3756,0.8504,-0.2552,0.381,0.8533,-0.2579,0.3812,0.856,-0.256,0.3855,0.8417,-0.2485,0.3883,0.8507,-0.2398,0.3941,0.8532,-0.2444,0.3764,0.8349,-0.2616,0.3753,0.8374,-0.2608,0.3744,0.8383,-0.2597,0.375,0.8481,-0.2566,0.3755,0.8377,-0.2614,0.3764,0.8367,-0.2627,0.3807,0.8376,-0.2659,0.3872,0.8399,-0.2645,0.3809,0.84,-0.2651,0.3755,0.8413,-0.2592,0.3809,0.8443,-0.2628,0.3813,0.8488,-0.2595,0.3862,0.8382,-0.265,0.3857,0.8387,-0.2656,0.3764,0.8466,-0.2578,0.3755,0.8408,-0.2586,0.3812,0.8594,-0.2537,0.3878,0.8593,-0.2544,0.3872,0.8433,-0.2623,0.3875,0.843,-0.2617,0.386,0.8482,-0.261,0.3858,0.8482,-0.2608,0.3758,0.8373,-0.2607,0.3757,0.8577,-0.2509,0.382,0.8648,-0.2518,0.394,0.8641,-0.2393,0.3901,0.8629,-0.2348,0.3915,0.8639,-0.232,0.3876,0.8499,-0.2605,0.3865,0.8488,-0.2612,0.3879,0.8437,-0.2